,ACB,ASW,BEB,CDX,CHB,CHS,CLM,ESN,FIN,GBR,GIH,GWD,IBS,ITU,JPT,KHV,LWK,MSL,MXL,PEL,PJL,PUR,STU,TSI,YRI
ACB,1.0,0.0,0.0,0.0,0.0,0.0,0.0,0.999978817697092,0.0,0.0,0.0,3.693221226619414e-07,0.0,0.0,0.0,0.0,0.9969019711291418,0.0,0.0,0.0,0.0,0.0,0.0,0.0,1.0
ASW,0.0,1.0,0.0,0.0,0.0,0.0,0.0,0.0,0.0,0.0,0.0,0.0,0.0,0.0,0.0,0.0,0.0,0.0,0.0,0.0,0.0,0.0,0.0,0.0,0.0
BEB,0.0,0.0,1.0,0.0,0.0,0.0,0.00014830161565082545,0.0,3.1314822956929333e-09,2.5433305139710427e-07,7.087319620069366e-11,0.0,0.0,5.262490386570562e-06,0.0,0.0,0.0,0.0,6.902256544094598e-12,0.0,0.29053906189805856,2.701180390474178e-10,1.8566566063138445e-05,0.0,0.0
CDX,0.0,0.0,0.0,1.0,0.9074844782287086,0.05076071838401597,0.0,0.0,0.0,0.0,0.0,0.0,6.232814264706121e-11,0.0,0.01268383365991499,0.9999919071041988,0.0,0.0,0.0,1.2188472453544819e-11,0.0,0.0,0.0,5.632324284743362e-08,0.0
CHB,0.0,0.0,0.0,0.9074844782287086,1.0,0.99857504621908,0.0,0.0,0.0,0.0,0.0,0.0,0.0,0.0,0.9695047170172062,0.9999990032332698,0.0,0.0,0.0,0.0,0.0,0.0,0.0,0.0,0.0
CHS,0.0,0.0,0.0,0.05076071838401597,0.99857504621908,1.0,0.0,0.0,0.0,0.0,0.0,0.0,0.0,0.0,0.999999999999999,0.6591075033155236,0.0,0.0,0.0,0.0,0.0,0.0,0.0,0.0,0.0
CLM,0.0,0.0,0.00014830161565082545,0.0,0.0,0.0,1.0,0.0,0.9917318894831063,0.9999927548896644,0.8610085413578433,0.0,0.0124333017011099,0.9999999999984251,0.0,0.0,0.0,0.0,0.0,0.19229688903845832,0.9334774534997656,0.9309656609454282,1.0,0.0001281333538898366,0.0
ESN,0.999978817697092,0.0,0.0,0.0,0.0,0.0,0.0,1.0,0.0,0.0,0.0,6.202205415917206e-11,0.0,0.0,0.0,0.0,0.9999999999999937,0.0,0.0,0.0,0.0,0.0,0.0,0.0,0.9995746040201956
FIN,0.0,0.0,3.1314822956929333e-09,0.0,0.0,0.0,0.9917318894831063,0.0,1.0,0.9999999999915761,0.9999999999996477,0.0,0.7994655180112114,0.9999744946348929,0.0,0.0,0.0,0.0,0.0,0.9976761397036285,0.02469985789399265,1.0,0.9993382325142952,0.11764912263914984,0.0
GBR,0.0,0.0,2.5433305139710427e-07,0.0,0.0,0.0,0.9999927548896644,0.0,0.9999999999915761,1.0,0.9999957940863611,0.0,0.3764188669303229,0.9999999999879071,0.0,0.0,0.0,0.0,0.0,0.9169428401277637,0.18538006256398654,0.9999998182361365,0.999999977602129,0.020077618163026778,0.0
GIH,0.0,0.0,7.087319620069366e-11,0.0,0.0,0.0,0.8610085413578433,0.0,0.9999999999996477,0.9999957940863611,1.0,0.0,0.9808609704835348,0.992299552436317,0.0,0.0,0.0,0.0,0.0,0.999994835163269,0.002984253520787905,1.0,0.9586591718643086,0.3854857591422689,0.0
GWD,3.693221226619414e-07,0.0,0.0,0.0,0.0,0.0,0.0,6.202205415917206e-11,0.0,0.0,0.0,1.0,0.0,0.0,0.0,0.0,1.8194334927557065e-12,0.0,0.001594596684685201,0.0,0.0,0.0,0.0,0.0,8.355409804039482e-07
IBS,0.0,0.0,0.0,6.232814264706121e-11,0.0,0.0,0.0124333017011099,0.0,0.7994655180112114,0.3764188669303229,0.9808609704835348,0.0,1.0,0.06973126106340966,0.0,0.0,0.0,0.0,0.0,0.9999999999526374,1.8541300184082843e-07,0.953147956038187,0.028964600687424125,0.9999985440494503,0.0
ITU,0.0,0.0,5.262490386570562e-06,0.0,0.0,0.0,0.9999999999984251,0.0,0.9999744946348929,0.9999999999879071,0.992299552436317,0.0,0.06973126106340966,1.0,0.0,0.0,0.0,0.0,0.0,0.5154462159722819,0.5690664383196252,0.9981691783715226,1.0,0.0012428052516286758,0.0
JPT,0.0,0.0,0.0,0.01268383365991499,0.9695047170172062,0.999999999999999,0.0,0.0,0.0,0.0,0.0,0.0,0.0,0.0,1.0,0.3522902478799208,0.0,0.0,0.0,0.0,0.0,0.0,0.0,0.0,0.0
KHV,0.0,0.0,0.0,0.9999919071041988,0.9999990032332698,0.6591075033155236,0.0,0.0,0.0,0.0,0.0,0.0,0.0,0.0,0.3522902478799208,1.0,0.0,0.0,0.0,0.0,0.0,0.0,0.0,5.498268507153625e-12,0.0
LWK,0.9969019711291418,0.0,0.0,0.0,0.0,0.0,0.0,0.9999999999999937,0.0,0.0,0.0,1.8194334927557065e-12,0.0,0.0,0.0,0.0,1.0,0.0,0.0,0.0,0.0,0.0,0.0,0.0,0.981769197686633
MSL,0.0,0.0,0.0,0.0,0.0,0.0,0.0,0.0,0.0,0.0,0.0,0.0,0.0,0.0,0.0,0.0,0.0,1.0,0.0,0.0,0.0,0.0,0.0,0.0,0.0
MXL,0.0,0.0,6.902256544094598e-12,0.0,0.0,0.0,0.0,0.0,0.0,0.0,0.0,0.001594596684685201,0.0,0.0,0.0,0.0,0.0,0.0,1.0,0.0,0.0,0.0,0.0,0.0,0.0
PEL,0.0,0.0,0.0,1.2188472453544819e-11,0.0,0.0,0.19229688903845832,0.0,0.9976761397036285,0.9169428401277637,0.999994835163269,0.0,0.9999999999526374,0.5154462159722819,0.0,0.0,0.0,0.0,0.0,1.0,5.021638913405013e-05,0.9999491597918714,0.3305721018174381,0.9969362370263165,0.0
PJL,0.0,0.0,0.29053906189805856,0.0,0.0,0.0,0.9334774534997656,0.0,0.02469985789399265,0.18538006256398654,0.002984253520787905,0.0,1.8541300184082843e-07,0.5690664383196252,0.0,0.0,0.0,0.0,0.0,5.021638913405013e-05,1.0,0.006274100215162615,0.7533976174419935,1.8792800648981256e-10,0.0
PUR,0.0,0.0,2.701180390474178e-10,0.0,0.0,0.0,0.9309656609454282,0.0,1.0,0.9999998182361365,1.0,0.0,0.953147956038187,0.9981691783715226,0.0,0.0,0.0,0.0,0.0,0.9999491597918714,0.006274100215162615,1.0,0.9853156774091327,0.28460241208421766,0.0
STU,0.0,0.0,1.8566566063138445e-05,0.0,0.0,0.0,1.0,0.0,0.9993382325142952,0.999999977602129,0.9586591718643086,0.0,0.028964600687424125,1.0,0.0,0.0,0.0,0.0,0.0,0.3305721018174381,0.7533976174419935,0.9853156774091327,1.0,0.00035658025954743433,0.0
TSI,0.0,0.0,0.0,5.632324284743362e-08,0.0,0.0,0.0001281333538898366,0.0,0.11764912263914984,0.020077618163026778,0.3854857591422689,0.0,0.9999985440494503,0.0012428052516286758,0.0,5.498268507153625e-12,0.0,0.0,0.0,0.9969362370263165,1.8792800648981256e-10,0.28460241208421766,0.00035658025954743433,1.0,0.0
YRI,1.0,0.0,0.0,0.0,0.0,0.0,0.0,0.9995746040201956,0.0,0.0,0.0,8.355409804039482e-07,0.0,0.0,0.0,0.0,0.981769197686633,0.0,0.0,0.0,0.0,0.0,0.0,0.0,1.0
